0 12 14 16 18 20 22 24 26 28 30 32 33 34 35 36 37 38 39 40 42 44 46 48 50 52 54 56 58 60 61 62 63 64 65 66 67 68 70 72 74 76 78 80 82 84 86 88 89 90 91 92 93 94 95 96 98 100 102 104 106 108 110 112 114 116 117 118 119 120 122 124 126 128 130 132 134 136 
0 12 14 16 18 20 22 24 26 28 30 32 33 34 35 36 37 38 39 40 41 42 43 44 45 46 47 48 49 50 51 52 53 54 55 56 57 58 59 60 61 62 63 64 65 66 67 68 70 72 74 76 78 80 82 84 86 88 89 90 91 92 93 94 95 96 98 100 102 104 106 108 110 112 114 116 117 118 119 120 121 122 123 124 126 128 130 132 134 136 138 140 142 144 145 
0 12 14 16 18 20 22 24 26 28 30 32 33 34 35 36 37 38 39 40 41 42 43 44 45 46 47 48 49 50 51 52 53 54 55 56 57 58 59 60 61 62 63 64 65 66 67 68 69 70 71 72 73 74 75 76 77 78 79 80 81 82 83 84 85 86 87 88 89 90 91 92 93 94 95 96 98 100 102 104 106 108 110 112 114 116 117 118 119 120 121 122 123 124 126 128 130 132 134 136 138 140 142 144 145 
0 12 14 16 18 20 22 24 26 28 30 32 33 34 35 36 37 38 39 40 41 42 43 44 45 46 47 48 49 50 51 52 53 54 55 56 57 58 59 60 61 62 63 64 65 66 67 68 69 70 71 72 73 74 75 76 77 78 79 80 81 82 83 84 85 86 87 88 89 90 91 92 93 94 95 96 97 98 99 100 101 102 103 104 105 106 107 108 109 110 111 112 113 114 115 116 117 118 119 120 121 122 123 124 126 128 130 132 134 136 138 140 142 144 145 
0 1 2 3 4 5 6 7 8 9 10 11 12 13 14 15 16 17 18 19 20 21 22 23 24 25 26 27 28 29 30 31 32 33 34 35 36 37 38 39 40 41 42 43 44 45 46 47 48 49 50 51 52 53 54 55 56 57 58 59 60 61 62 63 64 65 66 67 68 69 70 71 72 116 117 222 223 224 225 226 227 228 229 230 231 232 233 234 235 236 237 238 239 240 241 242 243 244 245 246 247 248 249 250 251 252 253 254 255 
0 1 2 3 4 5 6 7 8 9 10 11 12 13 14 15 16 17 18 19 20 21 22 23 24 25 26 27 28 29 30 31 
0 1 2 3 
0 
0 1 2 3 4 5 19 20 80 81 82 83 84 85 86 
0 1 2 
0 1 
0 1 2 3 4 5 6 7 8 9 10 11 12 13 14 15 16 17 18 19 20 21 22 23 24 25 26 27 28 29 30 31 255 
0 1 2 255 
0 255 
0 255 
0 1 2 3 4 5 
0 1 
0 255 
0 
36 37 38 39 40 41 42 43 44 45 46 47 48 49 50 51 52 53 54 55 56 57 58 59 60 61 62 63 64 65 66 67 68 69 70 71 72 73 74 75 76 77 78 79 80 81 82 83 84 85 86 87 88 89 90 91 92 93 94 95 96 97 98 99 100 101 102 103 104 105 106 107 108 109 110 111 112 113 114 115 116 117 
0 8 255 
112 127 167 
255 
112 141 154 
255 
0 1 2 3 
106 138 
14 15 16 17 18 19 20 21 22 23 24 25 26 27 28 29 30 31 32 33 34 35 36 37 38 39 40 41 42 43 44 45 46 47 48 49 50 51 52 53 54 55 56 57 58 59 60 61 62 63 64 65 66 67 68 69 70 71 72 73 74 75 76 77 78 79 80 81 82 83 84 85 86 87 88 89 90 91 92 93 94 95 96 97 98 99 100 101 102 103 104 105 106 107 108 109 110 111 112 113 114 115 116 117 118 119 120 121 122 123 124 125 126 127 128 129 130 131 132 133 134 135 136 137 138 139 140 141 142 143 144 145 146 147 148 149 150 151 152 153 154 
39 40 41 42 43 45 51 52 53 54 55 56 57 58 59 60 61 62 63 64 65 66 67 68 69 70 71 72 73 74 75 76 77 78 79 80 81 82 83 84 85 86 87 88 89 90 91 92 93 94 95 96 97 98 99 100 101 102 103 104 105 106 107 108 109 110 111 112 113 114 115 116 117 118 119 120 121 122 
0 
0 1 
0 2 8 
0 3 9 
0 4 10 
0 5 11 
0 1 2 
0 54 55 56 57 64 65 66 67 68 69 70 71 72 73 80 
0 6 14 15 16 26 28 31 62 63 96 107 123 124 126 127 140 158 169 188 219 247 252 254 255 
0 6 14 15 16 26 28 31 62 63 93 96 107 124 126 127 158 169 188 219 252 254 255 
0 6 14 15 26 28 31 62 63 93 96 107 124 126 127 133 158 169 188 219 252 254 255 
0 2 6 14 15 26 28 62 63 93 96 107 124 126 127 133 169 219 227 252 254 255 
0 2 6 12 14 15 26 28 62 93 96 107 124 126 127 133 219 227 252 254 255 
0 2 6 12 14 15 26 28 62 96 107 124 126 127 133 219 225 227 252 254 255 
0 2 12 14 15 26 28 62 96 107 124 126 127 133 219 225 227 252 254 255 
0 2 12 14 15 26 28 96 107 124 126 127 133 219 225 252 254 255 
0 6 14 15 26 28 63 96 107 124 126 127 219 225 252 254 255 
0 2 6 12 14 15 26 27 28 63 96 107 124 126 127 252 254 255 
0 2 6 12 13 14 15 26 27 28 63 96 124 126 127 252 254 255 
0 2 6 12 13 14 15 27 28 31 63 96 124 126 127 238 252 254 255 
0 2 6 12 13 14 15 27 28 31 63 96 123 124 126 127 238 252 254 255 
0 2 6 12 13 14 15 27 28 31 63 96 117 123 124 126 127 189 238 252 254 255 
0 2 6 12 13 14 15 27 28 31 63 96 117 118 123 124 126 127 189 238 252 254 255 
0 2 6 12 13 14 15 27 28 31 63 96 117 118 123 124 126 127 189 238 252 254 255 
0 2 7 12 13 14 15 27 28 31 62 63 96 117 118 123 124 126 127 189 238 247 252 254 255 
0 2 7 13 14 15 27 28 31 62 63 96 117 118 123 124 126 127 189 238 247 252 254 255 
0 7 14 15 28 31 62 63 96 117 118 123 124 126 127 158 189 238 247 252 254 255 
0 7 14 15 28 31 62 63 96 117 118 123 124 126 127 158 188 189 219 247 252 254 255 
0 7 14 15 28 31 62 63 96 107 117 118 123 124 126 127 158 188 189 219 247 252 254 255 
0 7 14 15 26 28 31 62 63 96 107 118 123 124 126 127 158 188 189 219 247 252 254 255 
0 7 14 15 26 28 31 62 63 96 107 123 124 126 127 158 188 219 247 252 254 255 
0 7 14 15 26 28 31 62 63 96 107 124 126 127 158 188 219 247 252 254 255 
0 13 14 15 26 28 31 62 63 96 107 124 126 127 158 188 219 252 254 255 
0 13 14 15 26 28 62 63 96 107 124 126 127 158 188 219 252 254 255 
0 6 13 14 15 26 28 62 63 96 107 124 126 127 188 219 252 254 255 
0 2 6 13 14 15 26 28 62 63 96 107 124 126 127 219 252 254 255 
0 36 37 38 39 40 41 42 43 44 45 46 47 48 49 50 51 52 53 54 55 56 57 58 59 60 61 62 63 64 65 66 67 68 69 70 71 72 73 74 75 76 77 78 79 80 81 82 83 84 85 86 87 88 89 90 91 92 93 94 95 96 97 98 99 100 101 102 103 104 105 106 107 108 109 110 111 112 113 114 115 116 117 118 119 120 121 122 123 124 125 
0 35 36 37 38 39 40 41 42 43 44 45 46 47 48 49 50 51 52 53 54 55 56 57 58 59 60 61 62 63 64 65 66 67 68 69 70 71 72 73 74 75 76 77 78 79 80 81 82 83 84 85 86 87 88 89 90 91 92 93 94 95 96 97 98 99 100 101 102 103 104 105 106 107 108 109 110 111 112 113 114 115 116 117 118 119 120 121 122 123 124 125 
0 35 36 37 38 39 40 41 42 43 44 45 46 47 48 49 50 51 52 53 54 55 56 57 58 59 60 61 62 63 64 65 66 67 68 69 70 71 72 73 74 75 76 77 78 79 80 81 82 83 84 85 86 87 88 89 90 91 92 93 94 95 96 97 98 99 100 101 102 103 104 105 106 107 108 109 110 111 112 113 114 115 116 117 118 119 120 121 122 123 124 125 
0 35 36 37 38 39 40 41 42 43 44 45 46 47 48 49 50 51 52 53 54 55 56 57 58 59 60 61 62 63 64 65 66 67 68 69 70 71 72 73 74 75 76 77 78 79 80 81 82 83 84 85 86 87 88 89 90 91 92 93 94 95 96 97 98 99 100 101 102 103 104 105 106 107 108 109 110 111 112 113 114 115 116 117 118 119 120 121 122 123 124 125 
0 1 240 241 
0 1 240 241 
0 1 240 241 
0 1 240 241 
0 7 12 13 14 15 16 
0 5 6 9 12 13 14 15 16 17 
0 3 6 9 10 12 13 14 15 16 17 
0 2 4 6 7 9 10 12 13 14 15 16 17 
0 1 2 3 4 5 6 128 129 192 224 240 248 252 254 255 
0 1 2 3 4 5 6 128 129 131 192 193 224 240 248 252 254 255 
0 1 2 3 4 5 6 128 129 192 224 240 248 252 254 255 
0 1 2 3 4 5 6 128 129 130 131 192 193 224 240 248 252 254 255 
0 1 2 3 4 5 6 128 129 130 192 193 224 240 248 252 254 255 
0 1 2 3 4 5 6 
0 1 17 33 49 65 81 97 113 145 161 177 193 209 225 241 
0 1 17 33 49 65 81 97 113 145 161 177 193 209 225 241 
0 1 17 33 49 65 81 97 113 145 161 177 193 209 225 241 
0 1 17 33 49 65 81 97 113 145 161 177 193 209 225 241 
0 1 17 33 49 65 81 97 113 145 161 177 193 209 225 241 
0 1 17 33 49 65 81 97 113 145 161 177 193 209 225 241 
0 16 145 
0 253 
0 83 113 
0 250 255 
0 83 227 
0 250 254 
0 2 83 
0 250 254 
0 93 94 96 98 100 102 104 106 107 131 133 135 137 139 141 143 
0 252 
7 12 91 92 93 94 95 96 97 98 109 110 111 112 113 114 115 116 128 129 130 131 132 133 134 135 152 153 154 155 156 157 158 159 160 161 162 163 164 165 166 167 168 169 170 171 172 173 174 175 176 177 178 179 195 196 216 
249 253 254 255 
14 15 16 17 18 19 20 21 22 23 24 25 26 27 28 29 30 31 32 33 34 35 36 37 38 39 40 41 42 43 44 45 
0 12 
0 1 2 3 4 5 6 7 8 9 10 11 12 13 14 15 16 17 18 19 20 21 22 23 24 25 26 27 28 29 30 31 32 33 34 35 36 37 38 39 40 41 42 43 44 45 46 47 48 49 50 51 52 53 54 55 56 57 58 59 60 61 62 63 64 65 66 67 68 69 70 71 72 73 74 75 76 77 78 79 80 81 82 83 84 85 86 87 88 89 90 91 92 93 94 95 96 97 98 99 100 101 102 103 104 105 106 107 108 109 110 111 112 113 114 115 116 117 118 119 120 121 122 123 124 125 126 127 128 129 130 131 132 133 134 135 136 137 138 139 140 141 142 143 144 145 146 147 148 149 150 151 152 153 154 155 156 157 158 159 160 161 162 163 164 165 166 167 168 169 170 171 172 173 174 175 176 177 178 179 180 181 182 183 184 185 186 187 188 189 190 191 192 193 194 195 196 197 198 199 200 201 202 203 204 205 206 207 208 209 210 211 212 213 214 215 216 217 218 219 220 221 222 223 224 225 226 227 228 229 230 231 232 233 234 235 236 237 238 239 240 241 242 243 244 245 246 247 248 249 250 251 252 253 254 255 
0 1 2 3 4 5 6 7 8 9 10 11 12 13 14 15 16 17 18 19 20 21 22 23 24 25 26 27 28 29 30 31 32 33 34 35 36 37 38 39 40 41 42 43 44 45 46 47 48 49 50 51 52 53 54 55 56 57 58 59 60 61 62 63 64 65 66 67 68 69 70 71 72 73 74 75 76 77 78 79 80 81 82 83 84 85 86 87 88 89 90 91 92 93 94 95 96 97 98 99 100 101 102 103 104 105 106 107 108 109 110 111 112 113 114 115 116 117 118 119 120 121 122 123 124 125 126 127 128 129 130 131 132 133 134 135 136 137 138 139 140 141 142 143 144 145 146 147 148 149 150 151 152 153 154 155 156 157 158 159 160 161 162 163 164 165 166 167 168 169 170 171 172 173 174 175 176 177 178 179 180 181 182 183 184 185 186 187 188 189 190 191 192 193 194 195 196 197 198 199 200 201 202 203 204 205 206 207 208 209 210 211 212 213 214 215 216 217 218 219 220 221 222 223 224 225 226 227 228 229 230 231 232 233 234 235 236 237 238 239 240 241 242 243 244 245 246 247 248 249 250 251 252 253 254 255 
0 255 
0 1 3 5 7 8 18 23 26 31 
0 127 159 191 239 255 
0 255 
0 1 2 3 4 5 6 255 
0 168 169 
0 247 248 
0 216 218 
0 247 248 
93 
93 
93 
93 
93 
93 
34 43 48 49 81 82 83 84 85 86 87 88 89 90 91 92 93 
34 50 52 53 54 55 71 76 77 81 82 83 84 85 86 87 88 89 90 91 92 93 94 95 96 97 98 99 100 101 102 103 104 105 106 107 108 109 110 111 112 113 114 115 116 117 118 119 120 121 
34 46 50 51 52 53 55 56 78 81 82 83 84 85 86 87 88 89 90 91 92 93 94 95 96 97 98 99 100 101 102 103 104 105 106 107 108 109 110 111 112 113 114 115 116 117 118 119 120 121 122 123 124 125 
34 46 47 50 51 52 53 54 55 56 74 78 79 80 81 82 83 84 85 86 87 88 89 90 91 92 93 94 95 96 97 98 99 100 101 102 103 104 105 106 107 108 109 110 111 112 113 114 115 116 117 118 119 120 121 122 123 124 125 
34 44 45 47 48 49 50 51 52 53 54 55 56 74 75 78 79 80 81 82 83 84 85 86 87 88 89 90 91 92 93 94 95 96 97 98 99 100 101 102 103 104 105 106 107 108 109 110 111 112 113 114 115 116 117 118 119 120 121 122 123 124 125 
34 50 55 56 72 73 75 76 77 78 79 80 95 96 97 98 99 100 102 103 104 105 106 107 108 109 110 111 112 113 114 115 116 117 118 119 120 121 122 123 124 125 
13 
243 
